1800
2488
2969
3673
4127
4281
4447
4904
4962
4977
5272
5513
6201
6281
6769
6951
7084
7332
8670
8818
8868
9389
9892
10456
10795
11199
12659
12927
14272
14693
16732
16918
18230
18926
19617
20286
20520
21076
21344
21665
23082
23217
23666
24545
24741
26172
27419
27904
28412
29534
29669
29905
29915
29989
30554
30625
31462
31791
32604
33185
33213
34088
34408
34903
35527
36104
36270
36966
37748
37785
37996
38074
38777
39899
39911
40533
40545
40704
40987
42542
42582
45012
46080
46640
46765
47111
47217
48465
49071
49196
49826
50104
50863
51143
51253
51434
51644
52988
53669
54480
55067
55785
56873
58492
59478
59558
60086
60667
62709
62996
63276
63754
63908
64040
64670
64803
65984
66740
67472
68505
69499
70318
70858
71691
72207
72333
72741
72903
72971
73124
73309
74208
75362
75829
76334
77360
77476
78003
78239
78814
79879
79958
80424
80661
85408
85961
86144
86312
87347
89800
90185
91419
91440
91576
92122
92230
92380
93410
93556
93751
95521
96021
96223
97210
97476
97745
98246
100493
100517
100885
101778
101829
101830
103379
104169
104889
106040
106535
106640
107263
108772
109198
109380
200406
202058
203077
203527
216228
217346
277135
277948
278352
310158
310764
313616
313927
314808
315189
315213
315293
315852
316206
316709
317771
318154
319201
320187
320193
320335
350563
350698
352541
352915
353944
354190
354908
354950
356028
701221
701985
702165
704051
707549
712515
713676
715957
717423
718877
721083
721371
721683
723125
723254
723531
726728
728535
730464
731766
732485
732712
732717
740260
743988
745732
746515
750556
751652
753308
754737
758004
759944
764065
764180
764478
764622
765880
766421
766704
768251
768835
769397
773840
773910
783325
788784
789019
789073
790070
791519
791907
793952
794323
794367
796343
797468
798354
800240
800459
801898
804212
804328
804753
808362
811156
812074
813828
814453
815097
815556
816284
816761
818479
820027
820313
821189
822416
823768
826083
827052
827054
829224
831001
831259
832988
833444
835729
849213
849399
850209
851968
858470
858877
859014
859737
860730
861878
863157
864328
865436
865752
866787
868809
872589
873364
874761
874766
875045
875159
875320
877890
879101
882095
882184
882835
883569
884629
884887
884905
885639
885725
886158
886982
890801
891024
895126
895421
895648
896159
896878
898173
898293
899051
899689
899866
906107
908255
909832
909954
912242
912615
912750
914208
915389
915912
915913
916076
916365
916863
918160
920148
920522
920760
921847
922224
922864
927066
927628
927653
929887
931336
935703
936340
936468
940944
941548
944314
945764
949039
1000180
1000228
1000697
1001039
1001250
1001288
1002047
1002910
1004155
1004434
1004980
1011006
1011657
1012100
1013871
1014473
1015780
1018724
1018840
1018963
1020416
1020569
1021860
1022079
1024478
1031296
1032033
1032208
1035002
1035267
1037038
1037540
1037868
1038357
1039684
1040971
1041061
1043277
1043604
1045309
1045609
1045810
1047122
1047699
1047862
1048286
1048695
1048911
1050915
1051470
1053112
1053507
1054374
1054833
1056239
1056288
1058090
1058290
1059556
1060391
1063761
1064728
1065088
1065280
1065696
1065865
1067701
1067983
1070412
1070750
1071739
1073431
1075531
1086222
1087423
1090012
1090727
1090872
1099219
1099800
1100962
1101215
1101239
1103982
1105705
1108524
1108827
1109357
1110783
1110803
1111711
1113169
1115222
1116132
1120193
1121788
1122304
1123360
1124198
1126328
1130310
1133421
1135152
1135971
1136869
1136893
1137411
1137774
1137789
1138118
1140022
1140536
1140859
1141391
1141982
1144215
1156039
1156375
1158449
1163165
1163302
1163739
1164727
1166126
1166691
1168054
1170010
1170650
1174922
1219601
1260221
1267238
1274057
1274494
1275283
1276520
1281761
1282266
1285785
1289490
1297996
1308161
1308161
1310067
1324404
1324424
1326160
1326380
1326801
1336917
1336917
1339947
1341439
1358071
1359841
1361658
1364742
1365135
1368007
1373835
1377013
1378946
1385157
1385187
1390777
1393311
1393612
1396009
1399315
1403161
1403568
1410636
1413329
1418135
1424847
1430602
1437107
1437107
1441634
1442145
1451505
1452575
1457543
1458891
1465112
1466258
1467373
1467858
1478242
1489393
1492633
1496048
1506307
1510295
1518832
1519751
1520566
1521332
1524472
1526520
1530721
1532063
1534701
1545158
1546640
1551152
1551182
1552275
1555280
1564708
1564708
1567892
1571123
1571949
1578732
1578845
1579241
1585364
1593034
1593538
1601712
1604778
1618921
1620546
1626199
1629995
1633917
1636023
1645590
1646383
1649338
1650107
1652044
1652044
1659166
